#usda 1.0
(
    framesPerSecond = 24
    metersPerUnit = 1
    timeCodesPerSecond = 24
    upAxis = "Y"
)

over "Geom"
{
    over "Cube"
    {
        matrix4d xformOp:transform:transform1.timeSamples = {
            1: ( (0.9998476951563913, 0, -0.01745240643728351, 0), (0, 1, 0, 0), (0.01745240643728351, 0, 0.9998476951563913, 0), (0, 0, 0, 1) ),
            2: ( (0.9993908270190958, 0, -0.03489949670250097, 0), (0, 1, 0, 0), (0.03489949670250097, 0, 0.9993908270190958, 0), (0, 0, 0, 1) ),
            3: ( (0.9986295347545738, 0, -0.052335956242943835, 0), (0, 1, 0, 0), (0.052335956242943835, 0, 0.9986295347545738, 0), (0, 0, 0, 1) ),
            4: ( (0.9975640502598242, 0, -0.0697564737441253, 0), (0, 1, 0, 0), (0.0697564737441253, 0, 0.9975640502598242, 0), (0, 0, 0, 1) ),
            5: ( (0.9961946980917455, 0, -0.08715574274765817, 0), (0, 1, 0, 0), (0.08715574274765817, 0, 0.9961946980917455, 0), (0, 0, 0, 1) ),
            6: ( (0.9945218953682733, 0, -0.10452846326765347, 0), (0, 1, 0, 0), (0.10452846326765347, 0, 0.9945218953682733, 0), (0, 0, 0, 1) ),
            7: ( (0.992546151641322, 0, -0.12186934340514748, 0), (0, 1, 0, 0), (0.12186934340514748, 0, 0.992546151641322, 0), (0, 0, 0, 1) ),
            8: ( (0.9902680687415704, 0, -0.13917310096006544, 0), (0, 1, 0, 0), (0.13917310096006544, 0, 0.9902680687415704, 0), (0, 0, 0, 1) ),
            9: ( (0.9876883405951378, 0, -0.15643446504023087, 0), (0, 1, 0, 0), (0.15643446504023087, 0, 0.9876883405951378, 0), (0, 0, 0, 1) ),
            10: ( (0.984807753012208, 0, -0.17364817766693033, 0), (0, 1, 0, 0), (0.17364817766693033, 0, 0.984807753012208, 0), (0, 0, 0, 1) ),
            11: ( (0.981627183447664, 0, -0.1908089953765448, 0), (0, 1, 0, 0), (0.1908089953765448, 0, 0.981627183447664, 0), (0, 0, 0, 1) ),
            12: ( (0.9781476007338057, 0, -0.20791169081775934, 0), (0, 1, 0, 0), (0.20791169081775934, 0, 0.9781476007338057, 0), (0, 0, 0, 1) ),
            13: ( (0.9743700647852352, 0, -0.224951054343865, 0), (0, 1, 0, 0), (0.224951054343865, 0, 0.9743700647852352, 0), (0, 0, 0, 1) ),
            14: ( (0.9702957262759965, 0, -0.24192189559966773, 0), (0, 1, 0, 0), (0.24192189559966773, 0, 0.9702957262759965, 0), (0, 0, 0, 1) ),
            15: ( (0.9659258262890683, 0, -0.25881904510252074, 0), (0, 1, 0, 0), (0.25881904510252074, 0, 0.9659258262890683, 0), (0, 0, 0, 1) ),
            16: ( (0.9612616959383189, 0, -0.27563735581699916, 0), (0, 1, 0, 0), (0.27563735581699916, 0, 0.9612616959383189, 0), (0, 0, 0, 1) ),
            17: ( (0.9563047559630354, 0, -0.29237170472273677, 0), (0, 1, 0, 0), (0.29237170472273677, 0, 0.9563047559630354, 0), (0, 0, 0, 1) ),
            18: ( (0.9510565162951535, 0, -0.3090169943749474, 0), (0, 1, 0, 0), (0.3090169943749474, 0, 0.9510565162951535, 0), (0, 0, 0, 1) ),
            19: ( (0.9455185755993168, 0, -0.3255681544571567, 0), (0, 1, 0, 0), (0.3255681544571567, 0, 0.9455185755993168, 0), (0, 0, 0, 1) ),
            20: ( (0.9396926207859084, 0, -0.3420201433256687, 0), (0, 1, 0, 0), (0.3420201433256687, 0, 0.9396926207859084, 0), (0, 0, 0, 1) ),
            21: ( (0.9335804264972017, 0, -0.35836794954530027, 0), (0, 1, 0, 0), (0.35836794954530027, 0, 0.9335804264972017, 0), (0, 0, 0, 1) ),
            22: ( (0.9271838545667874, 0, -0.374606593415912, 0), (0, 1, 0, 0), (0.374606593415912, 0, 0.9271838545667874, 0), (0, 0, 0, 1) ),
            23: ( (0.9205048534524404, 0, -0.39073112848927377, 0), (0, 1, 0, 0), (0.39073112848927377, 0, 0.9205048534524404, 0), (0, 0, 0, 1) ),
            24: ( (0.9135454576426009, 0, -0.4067366430758002, 0), (0, 1, 0, 0), (0.4067366430758002, 0, 0.9135454576426009, 0), (0, 0, 0, 1) ),
            25: ( (0.9063077870366499, 0, -0.42261826174069944, 0), (0, 1, 0, 0), (0.42261826174069944, 0, 0.9063077870366499, 0), (0, 0, 0, 1) ),
            26: ( (0.898794046299167, 0, -0.4383711467890774, 0), (0, 1, 0, 0), (0.4383711467890774, 0, 0.898794046299167, 0), (0, 0, 0, 1) ),
            27: ( (0.8910065241883679, 0, -0.45399049973954675, 0), (0, 1, 0, 0), (0.45399049973954675, 0, 0.8910065241883679, 0), (0, 0, 0, 1) ),
            28: ( (0.882947592858927, 0, -0.4694715627858908, 0), (0, 1, 0, 0), (0.4694715627858908, 0, 0.882947592858927, 0), (0, 0, 0, 1) ),
            29: ( (0.8746197071393957, 0, -0.48480962024633706, 0), (0, 1, 0, 0), (0.48480962024633706, 0, 0.8746197071393957, 0), (0, 0, 0, 1) ),
            30: ( (0.8660254037844387, 0, -0.49999999999999994, 0), (0, 1, 0, 0), (0.49999999999999994, 0, 0.8660254037844387, 0), (0, 0, 0, 1) ),
            31: ( (0.8571673007021123, 0, -0.5150380749100542, 0), (0, 1, 0, 0), (0.5150380749100542, 0, 0.8571673007021123, 0), (0, 0, 0, 1) ),
            32: ( (0.848048096156426, 0, -0.5299192642332049, 0), (0, 1, 0, 0), (0.5299192642332049, 0, 0.848048096156426, 0), (0, 0, 0, 1) ),
            33: ( (0.838670567945424, 0, -0.5446390350150271, 0), (0, 1, 0, 0), (0.5446390350150271, 0, 0.838670567945424, 0), (0, 0, 0, 1) ),
            34: ( (0.8290375725550417, 0, -0.5591929034707469, 0), (0, 1, 0, 0), (0.5591929034707469, 0, 0.8290375725550417, 0), (0, 0, 0, 1) ),
            35: ( (0.8191520442889918, 0, -0.573576436351046, 0), (0, 1, 0, 0), (0.573576436351046, 0, 0.8191520442889918, 0), (0, 0, 0, 1) ),
            36: ( (0.8090169943749475, 0, -0.5877852522924731, 0), (0, 1, 0, 0), (0.5877852522924731, 0, 0.8090169943749475, 0), (0, 0, 0, 1) ),
            37: ( (0.7986355100472928, 0, -0.6018150231520483, 0), (0, 1, 0, 0), (0.6018150231520483, 0, 0.7986355100472928, 0), (0, 0, 0, 1) ),
            38: ( (0.7880107536067219, 0, -0.6156614753256583, 0), (0, 1, 0, 0), (0.6156614753256583, 0, 0.7880107536067219, 0), (0, 0, 0, 1) ),
            39: ( (0.7771459614569709, 0, -0.6293203910498374, 0), (0, 1, 0, 0), (0.6293203910498374, 0, 0.7771459614569709, 0), (0, 0, 0, 1) ),
            40: ( (0.766044443118978, 0, -0.6427876096865393, 0), (0, 1, 0, 0), (0.6427876096865393, 0, 0.766044443118978, 0), (0, 0, 0, 1) ),
            41: ( (0.754709580222772, 0, -0.6560590289905073, 0), (0, 1, 0, 0), (0.6560590289905073, 0, 0.754709580222772, 0), (0, 0, 0, 1) ),
            42: ( (0.7431448254773942, 0, -0.6691306063588582, 0), (0, 1, 0, 0), (0.6691306063588582, 0, 0.7431448254773942, 0), (0, 0, 0, 1) ),
            43: ( (0.7313537016191705, 0, -0.6819983600624985, 0), (0, 1, 0, 0), (0.6819983600624985, 0, 0.7313537016191705, 0), (0, 0, 0, 1) ),
            44: ( (0.7193398003386512, 0, -0.6946583704589973, 0), (0, 1, 0, 0), (0.6946583704589973, 0, 0.7193398003386512, 0), (0, 0, 0, 1) ),
            45: ( (0.7071067811865476, 0, -0.7071067811865476, 0), (0, 1, 0, 0), (0.7071067811865476, 0, 0.7071067811865476, 0), (0, 0, 0, 1) ),
            46: ( (0.6946583704589973, 0, -0.7193398003386512, 0), (0, 1, 0, 0), (0.7193398003386512, 0, 0.6946583704589973, 0), (0, 0, 0, 1) ),
            47: ( (0.6819983600624985, 0, -0.7313537016191705, 0), (0, 1, 0, 0), (0.7313537016191705, 0, 0.6819983600624985, 0), (0, 0, 0, 1) ),
            48: ( (0.6691306063588582, 0, -0.7431448254773942, 0), (0, 1, 0, 0), (0.7431448254773942, 0, 0.6691306063588582, 0), (0, 0, 0, 1) ),
            49: ( (0.6560590289905073, 0, -0.754709580222772, 0), (0, 1, 0, 0), (0.754709580222772, 0, 0.6560590289905073, 0), (0, 0, 0, 1) ),
            50: ( (0.6427876096865394, 0, -0.766044443118978, 0), (0, 1, 0, 0), (0.766044443118978, 0, 0.6427876096865394, 0), (0, 0, 0, 1) ),
            51: ( (0.6293203910498375, 0, -0.7771459614569709, 0), (0, 1, 0, 0), (0.7771459614569709, 0, 0.6293203910498375, 0), (0, 0, 0, 1) ),
            52: ( (0.6156614753256583, 0, -0.788010753606722, 0), (0, 1, 0, 0), (0.788010753606722, 0, 0.6156614753256583, 0), (0, 0, 0, 1) ),
            53: ( (0.6018150231520484, 0, -0.7986355100472928, 0), (0, 1, 0, 0), (0.7986355100472928, 0, 0.6018150231520484, 0), (0, 0, 0, 1) ),
            54: ( (0.5877852522924731, 0, -0.8090169943749475, 0), (0, 1, 0, 0), (0.8090169943749475, 0, 0.5877852522924731, 0), (0, 0, 0, 1) ),
            55: ( (0.573576436351046, 0, -0.8191520442889918, 0), (0, 1, 0, 0), (0.8191520442889918, 0, 0.573576436351046, 0), (0, 0, 0, 1) ),
            56: ( (0.5591929034707468, 0, -0.8290375725550417, 0), (0, 1, 0, 0), (0.8290375725550417, 0, 0.5591929034707468, 0), (0, 0, 0, 1) ),
            57: ( (0.5446390350150271, 0, -0.838670567945424, 0), (0, 1, 0, 0), (0.838670567945424, 0, 0.5446390350150271, 0), (0, 0, 0, 1) ),
            58: ( (0.5299192642332049, 0, -0.8480480961564261, 0), (0, 1, 0, 0), (0.8480480961564261, 0, 0.5299192642332049, 0), (0, 0, 0, 1) ),
            59: ( (0.5150380749100542, 0, -0.8571673007021123, 0), (0, 1, 0, 0), (0.8571673007021123, 0, 0.5150380749100542, 0), (0, 0, 0, 1) ),
            60: ( (0.5000000000000001, 0, -0.8660254037844386, 0), (0, 1, 0, 0), (0.8660254037844386, 0, 0.5000000000000001, 0), (0, 0, 0, 1) ),
            61: ( (0.4848096202463371, 0, -0.8746197071393957, 0), (0, 1, 0, 0), (0.8746197071393957, 0, 0.4848096202463371, 0), (0, 0, 0, 1) ),
            62: ( (0.46947156278589086, 0, -0.8829475928589269, 0), (0, 1, 0, 0), (0.8829475928589269, 0, 0.46947156278589086, 0), (0, 0, 0, 1) ),
            63: ( (0.4539904997395468, 0, -0.8910065241883678, 0), (0, 1, 0, 0), (0.8910065241883678, 0, 0.4539904997395468, 0), (0, 0, 0, 1) ),
            64: ( (0.43837114678907746, 0, -0.898794046299167, 0), (0, 1, 0, 0), (0.898794046299167, 0, 0.43837114678907746, 0), (0, 0, 0, 1) ),
            65: ( (0.42261826174069944, 0, -0.9063077870366499, 0), (0, 1, 0, 0), (0.9063077870366499, 0, 0.42261826174069944, 0), (0, 0, 0, 1) ),
            66: ( (0.4067366430758002, 0, -0.9135454576426009, 0), (0, 1, 0, 0), (0.9135454576426009, 0, 0.4067366430758002, 0), (0, 0, 0, 1) ),
            67: ( (0.3907311284892737, 0, -0.9205048534524404, 0), (0, 1, 0, 0), (0.9205048534524404, 0, 0.3907311284892737, 0), (0, 0, 0, 1) ),
            68: ( (0.37460659341591196, 0, -0.9271838545667874, 0), (0, 1, 0, 0), (0.9271838545667874, 0, 0.37460659341591196, 0), (0, 0, 0, 1) ),
            69: ( (0.3583679495453004, 0, -0.9335804264972017, 0), (0, 1, 0, 0), (0.9335804264972017, 0, 0.3583679495453004, 0), (0, 0, 0, 1) ),
            70: ( (0.3420201433256688, 0, -0.9396926207859083, 0), (0, 1, 0, 0), (0.9396926207859083, 0, 0.3420201433256688, 0), (0, 0, 0, 1) ),
            71: ( (0.32556815445715676, 0, -0.9455185755993167, 0), (0, 1, 0, 0), (0.9455185755993167, 0, 0.32556815445715676, 0), (0, 0, 0, 1) ),
            72: ( (0.30901699437494745, 0, -0.9510565162951535, 0), (0, 1, 0, 0), (0.9510565162951535, 0, 0.30901699437494745, 0), (0, 0, 0, 1) ),
            73: ( (0.29237170472273677, 0, -0.9563047559630354, 0), (0, 1, 0, 0), (0.9563047559630354, 0, 0.29237170472273677, 0), (0, 0, 0, 1) ),
            74: ( (0.27563735581699916, 0, -0.9612616959383189, 0), (0, 1, 0, 0), (0.9612616959383189, 0, 0.27563735581699916, 0), (0, 0, 0, 1) ),
            75: ( (0.25881904510252074, 0, -0.9659258262890683, 0), (0, 1, 0, 0), (0.9659258262890683, 0, 0.25881904510252074, 0), (0, 0, 0, 1) ),
            76: ( (0.24192189559966767, 0, -0.9702957262759965, 0), (0, 1, 0, 0), (0.9702957262759965, 0, 0.24192189559966767, 0), (0, 0, 0, 1) ),
            77: ( (0.22495105434386492, 0, -0.9743700647852352, 0), (0, 1, 0, 0), (0.9743700647852352, 0, 0.22495105434386492, 0), (0, 0, 0, 1) ),
            78: ( (0.20791169081775945, 0, -0.9781476007338056, 0), (0, 1, 0, 0), (0.9781476007338056, 0, 0.20791169081775945, 0), (0, 0, 0, 1) ),
            79: ( (0.19080899537654492, 0, -0.981627183447664, 0), (0, 1, 0, 0), (0.981627183447664, 0, 0.19080899537654492, 0), (0, 0, 0, 1) ),
            80: ( (0.17364817766693041, 0, -0.984807753012208, 0), (0, 1, 0, 0), (0.984807753012208, 0, 0.17364817766693041, 0), (0, 0, 0, 1) ),
            81: ( (0.15643446504023092, 0, -0.9876883405951378, 0), (0, 1, 0, 0), (0.9876883405951378, 0, 0.15643446504023092, 0), (0, 0, 0, 1) ),
            82: ( (0.13917310096006547, 0, -0.9902680687415704, 0), (0, 1, 0, 0), (0.9902680687415704, 0, 0.13917310096006547, 0), (0, 0, 0, 1) ),
            83: ( (0.12186934340514749, 0, -0.992546151641322, 0), (0, 1, 0, 0), (0.992546151641322, 0, 0.12186934340514749, 0), (0, 0, 0, 1) ),
            84: ( (0.10452846326765346, 0, -0.9945218953682733, 0), (0, 1, 0, 0), (0.9945218953682733, 0, 0.10452846326765346, 0), (0, 0, 0, 1) ),
            85: ( (0.08715574274765814, 0, -0.9961946980917455, 0), (0, 1, 0, 0), (0.9961946980917455, 0, 0.08715574274765814, 0), (0, 0, 0, 1) ),
            86: ( (0.06975647374412523, 0, -0.9975640502598242, 0), (0, 1, 0, 0), (0.9975640502598242, 0, 0.06975647374412523, 0), (0, 0, 0, 1) ),
            87: ( (0.052335956242943966, 0, -0.9986295347545738, 0), (0, 1, 0, 0), (0.9986295347545738, 0, 0.052335956242943966, 0), (0, 0, 0, 1) ),
            88: ( (0.03489949670250108, 0, -0.9993908270190958, 0), (0, 1, 0, 0), (0.9993908270190958, 0, 0.03489949670250108, 0), (0, 0, 0, 1) ),
            89: ( (0.0174524064372836, 0, -0.9998476951563913, 0), (0, 1, 0, 0), (0.9998476951563913, 0, 0.0174524064372836, 0), (0, 0, 0, 1) ),
            90: ( (0, 0, -1, 0), (0, 1, 0, 0), (1, 0, 0, 0), (0, 0, 0, 1) ),
        }
        uniform token[] xformOpOrder = ["xformOp:transform:transform1"]
    }
}

